name: dtw_mediapipe
channels:
  - conda-forge
  - defaults
dependencies:
  - altgraph=0.17.3=py38haa95532_0
  - asttokens=2.4.1=pyhd8ed1ab_0
  - backcall=0.2.0=pyh9f0ad1d_0
  - ca-certificates=2024.7.2=haa95532_0
  - colorama=0.4.6=pyhd8ed1ab_0
  - comm=0.2.2=pyhd8ed1ab_0
  - debugpy=1.8.1=py38hd3f51b4_0
  - executing=2.0.1=pyhd8ed1ab_0
  - importlib-metadata=7.0.2=pyha770c72_0
  - importlib_metadata=7.0.2=hd8ed1ab_0
  - ipykernel=6.29.3=pyha63f2e9_0
  - ipython=8.12.2=pyh08f2357_0
  - jedi=0.19.1=pyhd8ed1ab_0
  - jupyter_client=8.6.1=pyhd8ed1ab_0
  - jupyter_core=5.7.2=py38haa244fe_0
  - libffi=3.4.4=hd77b12b_0
  - libsodium=1.0.18=h8d14728_1
  - matplotlib-inline=0.1.6=pyhd8ed1ab_0
  - nest-asyncio=1.6.0=pyhd8ed1ab_0
  - openssl=3.2.1=hcfcfb64_0
  - parso=0.8.3=pyhd8ed1ab_0
  - pefile=2023.2.7=py38haa95532_0
  - pickleshare=0.7.5=py_1003
  - pip=23.3.1=py38haa95532_0
  - platformdirs=4.2.0=pyhd8ed1ab_0
  - prompt-toolkit=3.0.42=pyha770c72_0
  - prompt_toolkit=3.0.42=hd8ed1ab_0
  - psutil=5.9.8=py38h91455d4_0
  - pure_eval=0.2.2=pyhd8ed1ab_0
  - pygments=2.17.2=pyhd8ed1ab_0
  - pyinstaller=6.9.0=py38h0416ee5_0
  - pyinstaller-hooks-contrib=2024.7=py38haa95532_0
  - python=3.8.18=h1aa4202_0
  - python_abi=3.8=2_cp38
  - pywin32=306=py38hd3f51b4_2
  - pywin32-ctypes=0.2.2=py38haa95532_0
  - pyzmq=25.1.2=py38hdecc13b_0
  - setuptools=68.2.2=py38haa95532_0
  - six=1.16.0=pyh6c4a22f_0
  - sqlite=3.41.2=h2bbff1b_0
  - stack_data=0.6.2=pyhd8ed1ab_0
  - tornado=6.4=py38h91455d4_0
  - traitlets=5.14.2=pyhd8ed1ab_0
  - typing_extensions=4.10.0=pyha770c72_0
  - ucrt=10.0.22621.0=h57928b3_0
  - vc=14.2=h21ff451_1
  - vc14_runtime=14.38.33130=h82b7239_18
  - vs2015_runtime=14.38.33130=hcb4865c_18
  - wcwidth=0.2.13=pyhd8ed1ab_0
  - wheel=0.41.2=py38haa95532_0
  - zeromq=4.3.5=h63175ca_1
  - zipp=3.17.0=pyhd8ed1ab_0
  - zlib=1.2.13=h8cc25b3_1
  - pip:
      - absl-py==2.0.0
      - attrs==23.2.0
      - certifi==2023.11.17
      - cffi==1.16.0
      - charset-normalizer==3.3.2
      - contourpy==1.1.1
      - cycler==0.12.1
      - decorator==4.4.2
      - dtaidistance==2.3.11
      - et-xmlfile==1.1.0
      - fastdtw==0.3.4
      - ffmpeg-python==0.2.0
      - flatbuffers==23.5.26
      - fonttools==4.47.0
      - future==0.18.3
      - idna==3.6
      - imageio==2.33.1
      - imageio-ffmpeg==0.4.9
      - importlib-resources==6.1.1
      - kaleido==0.2.1
      - kiwisolver==1.4.5
      - matplotlib==3.7.4
      - mediapipe==0.10.9
      - moviepy==1.0.3
      - numpy==1.24.4
      - opencv-contrib-python==4.9.0.80
      - openpyxl==3.1.2
      - packaging==23.2
      - pandas==2.0.3
      - pillow==10.1.0
      - plotly==5.20.0
      - proglog==0.1.10
      - protobuf==3.20.3
      - pycparser==2.21
      - pyparsing==3.1.1
      - python-dateutil==2.8.2
      - pytz==2023.3.post1
      - requests==2.31.0
      - scipy==1.10.1
      - sounddevice==0.4.6
      - tenacity==8.2.3
      - tqdm==4.66.1
      - tzdata==2023.4
      - urllib3==2.1.0
prefix: C:\Users\Vincentius Marcell\.conda\envs\dtw_mediapipe
